Mean: 2.474673954997149e+20
Median: 2.4664097307429e+20
Moda: 1.57638329490099e+20
Variance: 2.091243115380632e+40
Standard Deviation: 1.4461131060123312e+20
Tiempo de execucion en segundos: 0.025713682174682617